=== ANALISADOR DE BARRAMENTO PCI DOS (NASM) ===
[+] BIOS PCI detectada no sistema.
  Bus Dev Fnc  | Vendor Device | Class
  -------------+---------------+------
  00  00  0    | 1022     1450 | 0600
  00  01  0    | 1022     1452 | 0600
  00  01  1    | 1022     1453 | 0604
  00  01  3    | 1022     1453 | 0604
  00  02  0    | 1022     1452 | 0600
  00  03  0    | 1022     1452 | 0600
  00  03  1    | 1022     1453 | 0604
  00  04  0    | 1022     1452 | 0600
  00  07  0    | 1022     1452 | 0600
  00  07  1    | 1022     1454 | 0604
  00  08  0    | 1022     1452 | 0600
  00  08  1    | 1022     1454 | 0604
  00  14  0    | 1022     790B | 0C05
  00  14  3    | 1022     790E | 0601
  00  18  0    | 1022     1460 | 0600
  00  18  1    | 1022     1461 | 0600
  00  18  2    | 1022     1462 | 0600
  00  18  3    | 1022     1463 | 0600
  00  18  4    | 1022     1464 | 0600
  00  18  5    | 1022     1465 | 0600
  00  18  6    | 1022     1466 | 0600
  00  18  7    | 1022     1467 | 0600
-- Pressione qualquer tecla para continuar --                                               01  00  0    | 10EC     5762 | 0108
  02  00  0    | 1022     43D5 | 0C03
  02  00  1    | 1022     43C8 | 0106
  02  00  2    | 1022     43C6 | 0604
  03  00  0    | 1022     43C7 | 0604
  03  01  0    | 1022     43C7 | 0604
  03  04  0    | 1022     43C7 | 0604
  04  00  0    | 8086     272B | 0280
  05  00  0    | 10EC     8168 | 0200
* 06  00  0    | 15B3     1007 | 0200  [MELLANOX]
  07  00  0    | 10DE     1C03 | 0300
  07  00  1    | 10DE     10F1 | 0403
  08  00  0    | 1022     145A | 1300
  08  00  2    | 1022     1456 | 1080
  08  00  3    | 1022     145C | 0C03
  09  00  0    | 1022     1455 | 1300
  09  00  2    | 1022     7901 | 0106
  09  00  3    | 1022     1457 | 0403

=== RESUMO DA VARREDURA ===
Total de dispositivos PCI encontrados: 40
Dispositivos Mellanox encontrados:     1
[+] SUCESSO: Placa Mellanox detectada e listada acima!
